iteration: 0
	 Energy: 1.0000000003979397
	 Tolerance: 37.85733247050021
iteration: 1
	 Energy: 1.0000000003979397
	 Tolerance: 0.0
SCF Converged
